1	1
1	2
1	3
1	4
1	5
1	6
1	7
1	8
1	9
1	10
1	11
1	12
1	13
1	14
1	15
1	16
1	17
1	18
1	19
1	20
1	21
1	22
1	23
1	24
1	25
1	26
1	27
1	28
1	29
1	30
1	31
1	32
1	33
1	34
1	35
1	36
1	37
1	38
1	39
1	40
1	41
1	42
1	43
1	44
1	45
1	46
1	47
1	48
1	49
1	50
1	51
1	52
1	53
1	54
1	55
1	56
1	57
1	58
1	59
1	60
1	61
1	62
1	63
1	64
1	65
1	66
1	67
1	68
1	69
1	70
1	71
2	3
2	4
2	5
2	50
2	51
2	52
2	53
2	59
3	52
3	53
4	31
5	1
5	2
5	3
5	4
5	5
5	6
5	8
5	9
5	10
5	11
5	12
5	13
5	14
5	15
5	16
5	17
5	18
5	19
5	20
5	21
5	22
5	23
5	24
5	25
5	26
5	27
5	28
5	29
5	30
5	31
5	32
5	33
5	34
5	35
5	36
5	37
5	38
5	39
5	40
5	41
5	42
5	43
5	44
5	45
5	46
5	47
5	48
5	49
5	50
5	51
5	52
5	53
5	54
5	55
5	58
5	59
5	60
5	62
5	63
5	64
5	68
5	70
6	1
6	2
6	3
6	4
6	5
6	6
6	8
6	9
6	10
6	11
6	12
6	13
6	14
6	15
6	16
6	17
6	18
6	19
6	48
6	49
6	50
6	51
6	52
6	53
7	50
7	51
7	52
7	53
8	1
8	2
8	3
8	4
8	5
8	6
8	8
8	9
8	10
8	11
8	12
8	13
8	14
8	15
8	16
8	17
8	18
8	19
8	20
8	21
8	22
8	23
8	24
8	25
8	26
8	27
8	28
8	29
8	30
8	31
8	32
8	33
8	34
8	35
8	36
8	37
8	38
8	39
8	40
8	41
8	42
8	43
8	44
8	45
8	46
8	47
8	48
8	54
8	55
8	56
8	57
8	58
8	60
8	62
8	64
8	68
8	71
9	1
9	2
9	3
9	4
9	5
9	6
9	8
9	9
9	10
9	11
9	12
9	13
9	14
9	15
9	16
9	17
9	18
9	19
9	20
9	21
9	47
9	48
9	50
9	51
9	52
9	53
9	58
10	3
10	50
10	51
10	52
10	53
11	17
11	19
11	48
12	3
12	4
13	1
13	2
13	3
13	6
13	8
13	9
13	10
13	11
13	12
13	13
13	14
13	15
13	16
13	17
13	18
13	19
13	20
13	21
13	22
13	23
13	24
13	25
13	26
13	27
13	28
13	29
13	30
13	31
13	32
13	33
13	34
13	35
13	36
13	37
13	38
13	39
13	40
13	41
13	42
13	43
13	44
13	45
13	46
13	47
13	48
13	55
13	56
13	57
13	58
13	59
13	60
13	61
13	63
13	64
13	68
13	71
14	8
14	9
14	11
14	13
14	14
14	15
14	16
14	17
14	18
14	19
14	20
14	21
14	50
14	51
14	52
14	53
14	55
15	50
15	51
15	52
15	53
16	50
16	51
16	52
16	53
17	59
18	52
19	30
19	31
19	32
19	33
19	34
19	35
19	36
19	37
19	38
19	39
19	40
19	41
19	42
19	43
19	44
19	45
19	46
19	47
19	50
19	51
19	52
19	53
19	55
19	59
19	60
19	61
19	62
19	63
19	64
19	65
19	66
19	67
19	68
20	1
20	2
20	3
20	6
20	17
20	18
21	1
21	2
21	3
21	17
22	8
22	9
22	10
22	11
22	12
22	13
22	14
22	15
22	16
22	17
22	18
22	19
22	20
22	21
22	22
22	23
22	24
22	25
22	26
22	27
22	28
22	29
22	30
22	48
22	50
22	51
22	52
22	55
22	58
22	62
22	64
22	65
22	68
23	1
23	2
23	3
23	4
23	5
23	6
23	31
23	32
23	33
23	34
23	35
23	36
23	37
23	38
23	39
23	40
23	41
23	42
23	43
23	44
23	45
23	46
23	47
23	48
23	64
23	68
24	3
24	4
24	6
24	48
24	49
25	1
25	2
25	3
25	19
25	58
26	50
26	51
26	52
26	53
